function [x,y]=dadosgrilos()
x=[88.6,71.6,93.3,84.3,80.6,75.2,69.7,82,69.4,83.3,79.6,82.6,80.6,83.5,76.3];
y=[20,26,19.8,18.4,17.1,15.5,14.7,17.1,15.4,16.3,15,17.2,16,17,14.4];

endfunction