x=[1,3,4,6,8,10,15,16,18,20];
y=[1.1,5,7.2,4.5,12,28,20,19,14.5,10];